5.097166666666666401e+01
8.937517666666666628e+04
6.291360000000000582e+03
6.211261666666667224e+03
6.412721111111110076e+03
6.388448888888889087e+03
6.512237222222222044e+03
6.344758888888888578e+03
6.480683333333333394e+03
6.750105000000001382e+03
6.696706111111110658e+03
6.577772222222221899e+03
6.788940555555554965e+03
6.742823333333333721e+03
6.929719444444444889e+03
7.048653333333333649e+03
7.153023888888888905e+03
7.225840555555556421e+03
7.279239444444445326e+03
7.303511666666667224e+03
8.218574444444444453e+03
7.369046666666667079e+03
7.582642222222222699e+03
7.485553333333333285e+03
7.740411666666666861e+03
7.786528888888888105e+03
7.611768888888888796e+03
7.747693333333332703e+03
7.788956111111111568e+03
7.769538333333333867e+03
7.905462777777777774e+03
7.856918333333333067e+03
7.801092222222222517e+03
7.939443888888888978e+03
7.920026111111110367e+03
7.893326666666665915e+03
7.801092222222221608e+03
7.932162222222222226e+03
7.767111111111111313e+03
7.866627222222222372e+03
7.956434444444445035e+03
7.842354999999999563e+03
7.932162222222221317e+03
7.723421111111110804e+03
7.898181111111111022e+03
7.847209444444444671e+03
7.932162222222222226e+03
7.813228333333332557e+03
7.793810555555554856e+03
7.810801111111111823e+03
7.791383333333333212e+03
7.927307777777778028e+03
7.927307777777778028e+03
7.842354999999999563e+03
7.844782222222222117e+03
7.808373888888889269e+03
7.720993888888888250e+03
7.720993888888889160e+03
7.713712222222221499e+03
7.873908888888889123e+03
7.638468333333333248e+03
7.786528888888889014e+03
7.813228333333334376e+03
7.723421111111110804e+03
7.849636666666667224e+03
7.779247222222222263e+03
7.762256666666666206e+03
7.820510000000000218e+03
7.852063888888888869e+03
7.762256666666666206e+03
7.682158333333332848e+03
7.788956111111111568e+03
7.835073333333333721e+03
7.771965555555554602e+03
7.774392777777777155e+03
7.888472222222222626e+03
7.895753888888888469e+03
7.898181111111111022e+03
7.818082777777777665e+03
7.776819999999999709e+03
7.776819999999999709e+03
7.888472222222220807e+03
7.808373888888888359e+03
7.827791666666666970e+03
7.801092222222221608e+03
7.781674444444444816e+03
7.779247222222222263e+03
7.813228333333334376e+03
7.798664999999999054e+03
7.745266111111111059e+03
7.754975000000000364e+03
7.682158333333332848e+03
7.737984444444444307e+03
7.648177222222222554e+03
7.754975000000000364e+03
7.796237777777778319e+03
7.939443888888888978e+03
7.915171666666667079e+03
7.883617777777777519e+03
7.679731111111110295e+03
7.718566666666665697e+03
7.742838888888889414e+03
7.784101666666667370e+03
7.854491111111112332e+03
7.922453333333333831e+03
7.723421111111110804e+03
7.730702777777777555e+03
7.839927777777777919e+03
7.822937222222222772e+03
7.801092222222221608e+03
8.004978888888888832e+03
7.769538333333333867e+03
7.924880555555555475e+03
7.779247222222222263e+03
7.805946666666666715e+03
7.890899444444444271e+03
7.910317222222221972e+03
7.978279444444443470e+03
7.808373888888889269e+03
7.696721666666666351e+03
7.920026111111110367e+03
7.825364444444445326e+03
7.961288888888888323e+03
7.832646111111111168e+03
7.752547777777777810e+03
7.832646111111111168e+03
7.764683888888888760e+03
7.937016666666666424e+03
7.771965555555555511e+03
7.866627222222221462e+03
7.878763333333334231e+03
7.767111111111111313e+03
7.784101666666667370e+03
7.924880555555555475e+03
7.767111111111111313e+03
7.912744444444444525e+03
7.859345555555555620e+03
7.750120555555555256e+03
7.861772777777778174e+03
7.825364444444444416e+03
7.886045000000000073e+03
7.842355000000000473e+03
7.832646111111111168e+03
7.742838888888888505e+03
7.903035555555556130e+03
7.793810555555555766e+03
7.837500555555555366e+03
7.781674444444444816e+03
7.832646111111111168e+03
7.730702777777777555e+03
7.912744444444444525e+03
7.788956111111110658e+03
7.881190555555554965e+03
7.934589444444445689e+03
7.895753888888888469e+03
7.844782222222222117e+03
7.847209444444444671e+03
7.883617777777777519e+03
7.796237777777777410e+03
7.956434444444445035e+03
7.805946666666666715e+03
7.958861666666665769e+03
7.832646111111111168e+03
7.949152777777777374e+03
7.815655555555555111e+03
7.747693333333333612e+03
7.932162222222221317e+03
7.905462777777777774e+03
7.893326666666665915e+03
7.905462777777777774e+03
7.813228333333332557e+03
7.915171666666665260e+03
7.852063888888888869e+03
7.915171666666667079e+03
7.842354999999999563e+03
7.810801111111111823e+03
7.929735000000000582e+03
8.034105555555555839e+03
7.871481666666666570e+03
8.014687777777777228e+03
7.881190555555554965e+03
7.708857777777777301e+03
7.852063888888888869e+03
8.000124444444443725e+03
7.878763333333333321e+03
7.951579999999999927e+03
7.893326666666666824e+03
7.941871111111110622e+03
7.796237777777778319e+03
8.004978888888888832e+03
7.978279444444444380e+03
8.004978888888888832e+03
7.861772777777777264e+03
7.849636666666666315e+03
7.881190555555554965e+03
7.847209444444444671e+03
7.881190555555555875e+03
7.932162222222222226e+03
7.856918333333333067e+03
7.995270000000000437e+03
7.917598888888889633e+03
8.004978888888888832e+03
7.844782222222223027e+03
8.000124444444444634e+03
7.937016666666667334e+03
7.985561111111111131e+03
7.924880555555555475e+03
7.883617777777777519e+03
7.929735000000000582e+03
7.954007222222222481e+03
7.968570555555555075e+03
7.827791666666666970e+03
7.912744444444444525e+03
7.866627222222222372e+03
7.776819999999999709e+03
8.043814444444444234e+03
7.903035555555556130e+03
7.837500555555556275e+03
7.941871111111111531e+03
7.917598888888889633e+03
7.929735000000000582e+03
7.849636666666667224e+03
7.818082777777777665e+03
7.941871111111110622e+03
7.905462777777778683e+03
7.837500555555555366e+03
7.934589444444443870e+03
7.890899444444445180e+03
7.907889999999999418e+03
7.798665000000000873e+03
8.043814444444445144e+03
7.832646111111111168e+03
7.873908888888889123e+03
7.944298333333334085e+03
7.975852222222222736e+03
7.924880555555555475e+03
7.946725555555555729e+03
7.798664999999999964e+03
7.956434444444445035e+03
7.864199999999999818e+03
7.958861666666666679e+03
8.021969444444444889e+03
7.983133888888889487e+03
7.881190555555555875e+03
7.966143333333333430e+03
7.990415555555555329e+03
7.907889999999999418e+03
7.920026111111111277e+03
7.941871111111111531e+03
7.910317222222221972e+03
7.883617777777777519e+03
7.958861666666666679e+03
7.951579999999999927e+03
7.917598888888887814e+03
7.859345555555555620e+03
7.961288888888889232e+03
7.801092222222221608e+03
8.063232222222221935e+03
7.980706666666666933e+03
8.029251111111111641e+03
7.927307777777778028e+03
7.939443888888888978e+03
8.007406111111111386e+03
8.019542222222221426e+03
7.970997777777777628e+03
7.847209444444444671e+03
7.941871111111111531e+03
7.980706666666666933e+03
8.068086666666667043e+03
7.980706666666666024e+03
8.041387222222221681e+03
7.985561111111112041e+03
7.849636666666666315e+03
7.946725555555555729e+03
7.878763333333332412e+03
8.060805000000000291e+03
7.985561111111111131e+03
8.031678333333333285e+03
7.920026111111110367e+03
8.123912777777777592e+03
8.002551666666666279e+03
7.910317222222221972e+03
7.954007222222222481e+03
8.004978888888888832e+03
7.937016666666666424e+03
7.949152777777777374e+03
7.995269999999999527e+03
7.992842777777777883e+03
7.866627222222222372e+03
7.924880555555555475e+03
7.970997777777777628e+03
8.012260555555554674e+03
7.912744444444444525e+03
7.886045000000000073e+03
7.895753888888888469e+03
7.995269999999999527e+03
7.832646111111111168e+03
8.063232222222222845e+03
8.060805000000000291e+03
7.932162222222222226e+03
7.915171666666667079e+03
7.990415555555555329e+03
7.973424999999999272e+03
7.983133888888888578e+03
7.949152777777777374e+03
8.029251111111110731e+03
8.106922222222221535e+03
7.910317222222221972e+03
7.900608333333333576e+03
7.844782222222222117e+03
8.031678333333333285e+03
7.956434444444445035e+03
8.014687777777777228e+03
7.949152777777777374e+03
7.844782222222222117e+03
7.815655555555555111e+03
7.958861666666666679e+03
7.968570555555555075e+03
7.973424999999999272e+03
7.941871111111111531e+03
8.097213333333334049e+03
7.961288888888888323e+03
7.961288888888888323e+03
7.883617777777777519e+03
7.995269999999999527e+03
7.978279444444444380e+03
7.893326666666665915e+03
8.043814444444444234e+03
7.975852222222221826e+03
8.055950555555555184e+03
8.019542222222222335e+03
8.060805000000000291e+03
8.070513888888889596e+03
8.043814444444444234e+03
7.997697222222221171e+03
7.963716111111110877e+03
7.900608333333333576e+03
7.900608333333333576e+03
7.929734999999999673e+03
8.131194444444445253e+03
8.082649999999999636e+03
8.019542222222222335e+03
8.087504444444444744e+03
8.014687777777777228e+03
7.920026111111110367e+03
8.036532777777777483e+03
8.104495000000000800e+03
7.922453333333333831e+03
7.968570555555555075e+03
7.871481666666666570e+03
8.024396666666667443e+03
7.990415555555555329e+03
8.128767222222221790e+03
8.048668888888889342e+03
8.060805000000000291e+03
8.060804999999999382e+03
8.089931666666666388e+03
8.075368333333332885e+03
8.087504444444444744e+03
8.206438333333333503e+03
8.196729444444445107e+03
8.271973333333333358e+03
8.145757777777778756e+03
8.174884444444443943e+03
8.288963888888887595e+03
8.264691666666667516e+03
8.252555555555554747e+03
8.330226666666665551e+03
8.281682222222221753e+03
8.330226666666665551e+03
8.259837222222222408e+03
8.259837222222220589e+03
8.342362777777778319e+03
8.330226666666665551e+03
8.293818333333332703e+03
8.463723888888889633e+03
8.305954444444443652e+03
8.487996111111111531e+03
8.490423333333334085e+03
8.487996111111111531e+03
8.524404444444444380e+03
8.483141666666666424e+03
8.589939444444444234e+03
8.366635000000000218e+03
8.548676666666666279e+03
8.364207777777777665e+03
8.602075555555555184e+03
8.432170000000000073e+03
8.454014999999999418e+03
8.407897777777778174e+03
8.689455555555556202e+03
8.531686111111110222e+03
8.611784444444445398e+03
8.577803333333333285e+03
8.762272222222221899e+03
8.670037777777777592e+03
8.580230555555554020e+03
8.706446111111112259e+03
8.687028333333333649e+03
8.623920555555554529e+03
8.728291111111111604e+03
8.611784444444445398e+03
8.757417777777776791e+03
8.776835555555555402e+03
8.759844999999999345e+03
8.854506666666668025e+03
8.771981111111112114e+03
8.674892222222222699e+03
8.650620000000000800e+03
8.754990555555556057e+03
8.859361111111109494e+03
8.832661666666666861e+03
8.934604999999999563e+03
8.832661666666666861e+03
8.716155000000000655e+03
8.682173888888888541e+03
8.849652222222221098e+03
8.842370555555555256e+03
8.830234444444444307e+03
8.815671111111110804e+03
8.956450000000000728e+03
8.954022777777778174e+03
8.898196666666666715e+03
9.014703333333334740e+03
9.024412222222221317e+03
9.051111666666667588e+03
8.941886666666667224e+03
8.856933888888888760e+03
8.949168333333333067e+03
8.844797777777777810e+03
9.094801666666666279e+03
9.072956666666665114e+03
8.944313888888889778e+03
9.048684444444445035e+03
8.924896111111111168e+03
9.092374444444443725e+03
9.075383888888889487e+03
9.007421666666665260e+03
8.946741111111110513e+03
9.157909444444445398e+03
8.990431111111111022e+03
9.017130555555555475e+03
9.068102222222221826e+03
9.184608888888888032e+03
9.041402777777777374e+03
9.089947222222222990e+03
9.106937777777777228e+03
9.170045555555556348e+03
9.230726111111111095e+03
9.165191111111111240e+03
9.254998333333332994e+03
9.123928333333333285e+03
9.318106111111112114e+03
9.136064444444444234e+03
9.034121111111111531e+03
9.208881111111111750e+03
9.228298888888888541e+03
9.106937777777777228e+03
9.262279999999998836e+03
9.284125000000000000e+03
9.337523888888888905e+03
9.332669444444443798e+03
9.291406666666665842e+03
9.451603333333332557e+03
9.271988888888889051e+03
9.269561666666666497e+03
9.235580555555556202e+03
9.208881111111109931e+03
9.259852777777778101e+03
9.339951111111109640e+03
9.376359444444444307e+03
9.376359444444444307e+03
9.281697777777777446e+03
9.332669444444443798e+03
9.412767777777778974e+03
9.383641111111111968e+03
9.534128888888888469e+03
9.286552222222222554e+03
9.318106111111110295e+03
9.400631666666666206e+03
9.376359444444444307e+03
9.291406666666665842e+03
9.485584444444444671e+03
9.417622222222222263e+03
9.509856666666666570e+03
9.548692222222221972e+03
9.427331111111110658e+03
9.524420000000000073e+03
9.437040000000000873e+03
9.410340555555554602e+03
9.551119444444444525e+03
9.534128888888888469e+03
9.500147777777778174e+03
9.687043888888889342e+03
9.628790555555555329e+03
9.565682777777776209e+03
9.650635555555556493e+03
9.531701666666667734e+03
9.587527777777777374e+03
9.687043888888889342e+03
9.640926666666666279e+03
9.606945555555555984e+03
9.742869999999998981e+03
9.704034444444443579e+03
9.742869999999998981e+03
9.757433333333332484e+03
9.551119444444444525e+03
9.968601666666667370e+03
9.730733888888888032e+03
9.633645000000000437e+03
9.847240555555554238e+03
9.864231111111112114e+03
9.864231111111112114e+03
9.822968333333332339e+03
9.951611111111111313e+03
9.687043888888889342e+03
9.912775555555555911e+03
9.854522222222221899e+03
9.742870000000000800e+03
1.004627277777777817e+04
9.912775555555555911e+03
9.810832222222221390e+03
1.003899111111111233e+04
1.009481722222222197e+04
1.003413666666666722e+04
1.014336166666666759e+04
1.001229166666666606e+04
9.944329444444445471e+03
9.922484444444444307e+03
1.000015555555555511e+04
1.011180777777777803e+04
9.963747222222222263e+03
1.015307055555555598e+04
1.024773222222222284e+04
1.022831444444444423e+04
1.023074166666666679e+04
1.030841277777777759e+04
1.029627666666666664e+04
1.030113111111110993e+04
1.042491944444444380e+04
1.033996666666666715e+04
1.039336555555555606e+04
1.023074166666666679e+04
1.055598944444444533e+04
1.051472666666666555e+04
1.058268888888888978e+04
1.048317277777777781e+04
1.038851111111111095e+04
1.058997055555555562e+04
1.059239777777777817e+04
1.053899888888888927e+04
1.065065111111111219e+04
1.059725222222222146e+04
1.053414444444444598e+04
1.070404999999999927e+04
1.048317277777777781e+04
1.051958111111111066e+04
1.070162277777777854e+04
1.063608777777777686e+04
1.058511611111111051e+04
1.067977777777777737e+04
1.071133166666666511e+04
1.081327499999999964e+04
1.079871166666666613e+04
1.061909722222222263e+04
1.075259444444444489e+04
1.084240166666666664e+04
1.082541111111111059e+04
1.073560388888888883e+04
1.083754722222222154e+04
1.075259444444444489e+04
1.095648111111111029e+04
1.095890833333333285e+04
1.113609555555555562e+04
1.089094611111111226e+04
1.102201611111111197e+04
1.104628833333333387e+04
1.119434888888888963e+04
1.113366833333333307e+04
1.131570999999999913e+04
1.123803888888888832e+04
1.111182333333333372e+04
1.102929777777777781e+04
1.123803888888888832e+04
1.142008055555555620e+04
1.133512777777777774e+04
1.142008055555555620e+04
1.133512777777777774e+04
1.138609944444444409e+04
1.159241333333333387e+04
1.142250777777777694e+04
1.162396722222222161e+04
1.151716944444444380e+04
1.141765333333333365e+04
1.180358166666666693e+04
1.169192944444444402e+04
1.175261000000000058e+04
1.155600499999999920e+04
1.179629999999999927e+04
1.166522999999999956e+04
1.175018277777777803e+04
1.191280666666666730e+04
1.193465166666666664e+04
1.189338888888888869e+04
1.192494277777777825e+04
1.191037944444444474e+04
1.190309777777777708e+04
1.195406944444444525e+04
1.218951000000000022e+04
1.202931333333333350e+04
1.197591444444444460e+04
1.226718111111111284e+04
1.241038722222222350e+04
1.232300722222222248e+04
1.228659888888888963e+04
1.242495055555555518e+04
1.228417166666666708e+04
1.215310166666666737e+04
1.232300722222222248e+04
1.218222833333333256e+04
1.250504888888888854e+04
1.240553277777777839e+04
1.240067833333333328e+04
1.242980500000000029e+04
1.250990333333333183e+04
1.263126444444444496e+04
1.242252333333333445e+04
1.247834944444444409e+04
1.271136277777777650e+04
1.262883722222222059e+04
1.244679555555555453e+04
1.250747611111111109e+04
1.256815666666666766e+04
1.279874277777777934e+04
1.291282222222222299e+04
1.280602444444444518e+04
1.279388833333333241e+04
1.277932500000000073e+04
1.295408500000000095e+04
1.295651222222221986e+04
1.309486388888888905e+04
1.318224388888889007e+04
1.334972222222222263e+04
1.320651611111111015e+04
1.331331388888888978e+04
1.322836111111111131e+04
1.352448222222222103e+04
1.349050111111111255e+04
1.356817222222222335e+04
1.359244444444444525e+04
1.385458444444444467e+04
1.386429333333333125e+04
1.383031222222222095e+04
1.385701166666666722e+04
1.367982444444444445e+04
1.409730666666666730e+04
1.398565444444444438e+04
1.399293611111111022e+04
1.404148055555555584e+04
1.409245222222222219e+04
1.416041444444444278e+04
1.468469444444444525e+04
1.459488722222222168e+04
1.520169277777777825e+04
1.479391944444444380e+04
1.479877388888888891e+04
1.475993833333333168e+04
1.481819166666666752e+04
1.484003666666666686e+04
1.497110666666666657e+04
1.523081944444444343e+04
1.498324277777777752e+04
1.520654722222222335e+04
1.485702722222222292e+04
1.507547722222222365e+04
1.523324666666666599e+04
1.527936388888888905e+04
1.510460388888888883e+04
1.526237333333333299e+04
1.535946222222222059e+04
1.532062666666666701e+04
1.557063055555555547e+04
1.521868333333333430e+04
1.524780999999999949e+04
1.548567777777777883e+04
1.551480444444444583e+04
1.534004444444444562e+04
1.558033944444444569e+04
1.539587055555555344e+04
1.545412388888888927e+04
1.567985555555555584e+04
1.559732999999999811e+04
1.563859277777777970e+04
1.571383666666666613e+04
1.555849444444444453e+04
1.598325833333333139e+04
1.568713722222222350e+04
1.560218444444444503e+04
1.581820722222222321e+04
1.585218833333333532e+04
1.618714499999999862e+04
1.571869111111111124e+04
1.604393888888888796e+04
1.594684999999999854e+04
1.587160611111111029e+04
1.610461944444444453e+04
1.610704666666666526e+04
1.628423388888888803e+04
1.653666500000000087e+04
1.640802222222222190e+04
1.636433222222222139e+04
1.697599222222222306e+04
1.694201111111111095e+04
1.679637777777777956e+04
1.686191277777777941e+04
1.662404499999999825e+04
1.719201499999999942e+04
1.722114166666666642e+04
1.769444999999999709e+04
1.727939500000000044e+04
1.725997722222222365e+04
1.752211722222222306e+04
1.787406444444444423e+04
1.799542555555555737e+04
1.788862777777777956e+04
1.802455222222222073e+04
1.798571666666666715e+04
1.806824222222222306e+04
1.846387944444444656e+04
1.844931611111111124e+04
1.844931611111111124e+04
1.876485500000000320e+04
1.901971333333333314e+04
1.906825777777777694e+04
1.926000833333333139e+04
1.892505166666666628e+04
1.909252999999999884e+04
1.929641666666666788e+04
1.910709333333333416e+04
1.921146388888888760e+04
1.989351333333333605e+04
2.014351722222222088e+04
2.006099166666666861e+04
2.024788777777777796e+04
2.067022444444444409e+04
2.024303333333333285e+04
2.037410333333333256e+04
2.040565722222222394e+04
2.084741166666666686e+04
2.092993722222222277e+04
2.105372555555555664e+04
2.140324555555555344e+04
2.135955555555555475e+04
2.128431166666666832e+04
2.206344999999999709e+04
2.165567666666666628e+04
2.192024388888889007e+04
2.200519666666666672e+04
2.250763166666666802e+04
2.241297000000000116e+04
2.233529888888888672e+04
2.263141999999999825e+04
2.295424055555555606e+04
2.323337111111111153e+04
2.346395722222222321e+04
2.365328055555555329e+04
2.414600666666666802e+04
2.460717888888889138e+04
2.424066833333333489e+04
2.460232444444444263e+04
2.526738333333333503e+04
2.516058555555555722e+04
2.556835888888889167e+04
2.576253666666666686e+04
2.624798111111111211e+04
2.647613999999999942e+04
2.746401944444444234e+04
2.750770944444444467e+04
2.736693055555555475e+04
2.835723722222221841e+04
2.804898000000000320e+04
2.868005777777777621e+04
2.832811055555555504e+04
2.906355888888888876e+04
2.964123777777778014e+04
2.955628499999999622e+04
3.011211888888889007e+04
3.058057277777777927e+04
3.071649722222222044e+04
3.120922333333333518e+04
3.183787388888889109e+04
3.190583611111110804e+04
3.260973055555555402e+04
3.275779111111110979e+04
3.287672500000000582e+04
3.455150833333333867e+04
3.394470277777777665e+04
3.460976166666666541e+04
3.528210222222222365e+04
3.497627222222222190e+04
3.553938777777778159e+04
3.593502500000000146e+04
3.583065444444444438e+04
3.668503666666666686e+04
3.674571722222222161e+04
3.771175166666667064e+04
3.796418277777777985e+04
3.878943833333333896e+04
3.938168055555555475e+04
3.905886000000000058e+04
3.918750277777777956e+04
3.992537833333333401e+04
3.980887166666666599e+04
4.034771500000000378e+04
4.028703444444444904e+04
4.037926888888888789e+04
4.109529944444444845e+04
4.120209722222221899e+04
4.216570444444444729e+04
4.294484277777778334e+04
4.258804111111110979e+04
4.289872555555556028e+04
4.366087333333333663e+04
4.340844222222222015e+04
4.389631388888889342e+04
4.362931944444444525e+04
4.401767500000000291e+04
4.408320999999999913e+04
4.427253333333333285e+04
4.484778500000000349e+04
4.516817833333332965e+04
4.590362666666667064e+04
4.520215944444444904e+04
4.570216722222222597e+04
4.577255666666666366e+04
4.618761166666667123e+04
4.606382333333333372e+04
4.694247777777777810e+04
4.731384277777777606e+04
4.799589222222221724e+04
4.790123055555555038e+04
4.766336277777778014e+04
4.795220222222222219e+04
4.843521944444444671e+04
4.785511333333333459e+04
4.839152944444444438e+04
4.831143111111110920e+04
4.822405111111111182e+04
4.885512888888889574e+04
4.828715888888888730e+04
4.850560888888888439e+04
4.974106500000000233e+04
4.993766999999999825e+04
5.042554166666666424e+04
5.008087611111110891e+04
5.032845277777778392e+04
5.016825611111111357e+04
5.038670611111111066e+04
5.016582888888889283e+04
5.122652499999999418e+04
5.120710722222222103e+04
5.063913722222222714e+04
5.136973111111111211e+04
5.069739055555555387e+04
5.120710722222222103e+04
5.129934166666667443e+04
5.185032111111110862e+04
5.168526999999999680e+04
5.193284666666666453e+04
5.219741388888888469e+04
5.294742555555555009e+04
5.235275611111111357e+04
5.246440833333332557e+04
5.215129666666666162e+04
5.217799611111111153e+04
5.327267333333333227e+04
5.357607611111110600e+04
5.365617444444444845e+04
5.425569833333333372e+04
5.428967944444443856e+04
5.423385333333333256e+04
5.485279499999999825e+04
5.474114277777777897e+04
5.480667777777777519e+04
5.526785000000000582e+04
5.547416388888888469e+04
5.585281055555555940e+04
5.607368777777776995e+04
5.642806222222223005e+04
5.596203555555555795e+04
5.589407333333333372e+04
5.732613444444444031e+04
5.764895499999999447e+04
5.848149222222222306e+04
5.846450166666666337e+04
5.881402166666666744e+04
5.956646055555555358e+04
5.863197999999999593e+04
5.902519000000000233e+04
5.832615000000000146e+04
5.824847888888889429e+04
5.914897833333333256e+04
5.968296722222222161e+04
5.984801833333332615e+04
6.010044944444444263e+04
6.018297499999999854e+04
6.106405666666665638e+04
6.065385611111110484e+04
6.091842333333333954e+04
6.061987500000000000e+04
6.116114555555555125e+04
6.113687333333332936e+04
6.193542944444443856e+04
6.294029944444444118e+04
6.270000444444443565e+04
6.273155833333333430e+04
6.296214444444444962e+04
6.273155833333333430e+04
6.242815555555555329e+04
6.288447333333333518e+04
6.292330888888888876e+04
6.325826555555555387e+04
6.331409166666665988e+04
6.332137333333332936e+04
6.302525222222221782e+04
6.379710888888889167e+04
6.396944166666667297e+04
6.379468166666667094e+04
6.511751777777778625e+04
6.455197500000000582e+04
6.418546444444444205e+04
6.425828111111110775e+04
6.411264777777777635e+04
6.489178611111111240e+04
6.535295833333333576e+04
6.438935111111110746e+04
6.410051166666666541e+04
6.486265944444444904e+04
6.498644777777777927e+04
6.564179777777778509e+04
6.619035000000000582e+04
6.578014944444443972e+04
6.521946111111111531e+04
6.566849722222221317e+04
6.574859555555554107e+04
6.578014944444443972e+04
6.656171499999999651e+04
6.662725000000000000e+04
6.652045222222221491e+04
6.687968111111111648e+04
6.658113277777777694e+04
6.621219499999999243e+04
6.589422888888888701e+04
6.578985833333333721e+04
6.615151444444444496e+04
6.534567666666666628e+04
6.583597555555554572e+04
6.732386277777777286e+04
6.776076277777778159e+04
6.681900055555555446e+04
6.721221055555556086e+04
6.607384333333333780e+04
6.683599111111111415e+04
6.692337111111110426e+04
6.753745833333334303e+04
6.806901999999998952e+04
6.817581777777778916e+04
6.855446444444444205e+04
6.811513722222222714e+04
6.784814277777777170e+04
6.875835111111111473e+04
6.800591222222222132e+04
6.831659666666666453e+04
6.824377999999999884e+04
6.860543611111110658e+04
6.854232833333332383e+04
6.915641555555554805e+04
6.877048722222223296e+04
6.927777666666667210e+04
6.903990888888888003e+04
6.803989333333334071e+04
6.850106555555555678e+04
6.819766277777777577e+04
6.874864222222221724e+04
6.860300888888888585e+04
6.766124666666667326e+04
6.785542444444444845e+04
6.721706500000000233e+04
6.726075500000000466e+04
6.715152999999999884e+04
6.660783222222221957e+04
6.693308000000000175e+04
6.707628611111111240e+04
6.672433888888888760e+04
6.700589666666666744e+04
6.771707277777777927e+04
6.736027111111111299e+04
6.698162444444444554e+04
6.786270611111111066e+04
6.795979499999999825e+04
6.765639222222223179e+04
6.841125833333333139e+04
6.726803666666666686e+04
6.718308388888888294e+04
6.772920888888888294e+04
6.731900833333333139e+04
6.863456277777778450e+04
6.755930333333332965e+04
6.778503500000000349e+04
6.721949222222222306e+04
6.775833555555556086e+04
6.640151833333334071e+04
6.694278888888889924e+04
6.703502333333333081e+04
6.663695888888888294e+04
6.747920500000000175e+04
6.905689944444443972e+04
6.998409833333332790e+04
6.965399611111110426e+04
6.940156500000000233e+04
6.965885055555554572e+04
6.864184444444444671e+04
6.904719055555555678e+04
6.877048722222221841e+04
6.940399222222222306e+04
6.897680111111111182e+04
6.855446444444445660e+04
6.837485000000000582e+04
6.751804055555556261e+04
6.864427166666666744e+04
6.838213166666665347e+04
6.866126222222222714e+04
6.794523166666665929e+04
6.766367388888889400e+04
6.765396499999999651e+04
6.752774944444444554e+04
6.803018444444444322e+04
6.887971222222222423e+04
6.847193888888889342e+04
6.814183666666666977e+04
6.717822944444444147e+04
6.771221833333333780e+04
6.757143944444443332e+04
6.792338666666667268e+04
6.682870944444445195e+04
6.752289499999998952e+04
6.719764722222222190e+04
6.666123111111111939e+04
6.621462222222222772e+04
6.708599499999999534e+04
6.656899666666667326e+04
6.736027111111111299e+04
6.700589666666666744e+04
6.711269444444443798e+04
6.759085722222221375e+04
6.747435055555556028e+04
6.740396111111110076e+04
6.713453944444443914e+04
6.756901222222222714e+04
6.736027111111111299e+04
6.731172666666666919e+04
6.705201388888889051e+04
6.753017666666666628e+04
6.703987777777778683e+04
6.724376444444444496e+04
6.728260000000000582e+04
6.747920500000000175e+04
6.650346166666666977e+04
6.581170333333333838e+04
6.493304888888889400e+04
6.494761222222222568e+04
6.588694722222222481e+04
6.589665611111110775e+04
6.472188055555555911e+04
6.441362333333333663e+04
6.387235277777777810e+04
6.409323000000000320e+04
6.457382000000000698e+04
6.374613722222222714e+04
6.382866277777778305e+04
6.372429222222222597e+04
6.265874166666666861e+04
6.207863555555554922e+04
6.198154666666667617e+04
6.212475277777777228e+04
6.182377722222222656e+04
6.085531555555555678e+04
6.064414722222222190e+04
6.063201111111111095e+04
6.119512666666666337e+04
6.024122833333333256e+04
5.989413555555555649e+04
5.977277444444443972e+04
5.975821111111111531e+04
5.963684999999999854e+04
5.964655888888888876e+04
5.959316000000000349e+04
5.822663388888888585e+04
5.867081555555555678e+04
5.889169277777777461e+04
5.795478500000000349e+04
5.795721222222222423e+04
5.826061500000000524e+04
5.836255833333333430e+04
5.732613444444444031e+04
5.735768833333332441e+04
5.676059166666666715e+04
5.667078444444444176e+04
5.609067833333332965e+04
5.600329833333333227e+04
5.562222444444444409e+04
5.569261388888888177e+04
5.563436055555555504e+04
5.463919944444444263e+04
5.511978944444445369e+04
5.500570999999999913e+04
5.454211055555555504e+04
5.433336944444444089e+04
5.489648500000000058e+04
5.361733888888888760e+04
5.351782277777777927e+04
5.370471888888889225e+04
5.299354277777778043e+04
5.332364500000000407e+04
5.324597388888888963e+04
5.297412500000000000e+04
5.304208722222222423e+04
5.329937277777778218e+04
5.272654833333333954e+04
5.237217388888888672e+04
5.169740611111110775e+04
5.161488055555555911e+04
5.174595055555555155e+04
5.193527388888888527e+04
5.132846833333333052e+04
5.146681999999999243e+04
5.129934166666667443e+04
5.086972333333333518e+04
5.061971944444444671e+04
5.045466833333333489e+04
5.108331888888888352e+04
5.080661555555555969e+04
5.118768944444444787e+04
5.053476666666667006e+04
5.030175333333332674e+04
5.068768166666665638e+04
5.105904666666666162e+04
5.063913722222222714e+04
5.053719388888888352e+04
5.065370055555556610e+04
4.943038055555555911e+04
4.950805166666665900e+04
4.857114388888888789e+04
4.842065611111111502e+04
4.877503055555555329e+04
4.921193055555554747e+04
4.917794944444444263e+04
4.910755999999999767e+04
4.900804388888888934e+04
4.972407444444444263e+04
4.926775666666666075e+04
4.902260722222222830e+04
4.844492833333333692e+04
4.870464111111110833e+04
4.863910611111111211e+04
4.870221388888888760e+04
4.925076611111111561e+04
4.927503833333333750e+04
4.925076611111110833e+04
4.869978666666666686e+04
4.891580944444444322e+04
4.819977888888888992e+04
4.799346499999999651e+04
4.780899611111111153e+04
4.780899611111111153e+04
4.671189166666666279e+04
4.591090833333333285e+04
4.558566055555555795e+04
4.484293055555555475e+04
4.416573555555555504e+04
4.426039722222222190e+04
4.453952777777778101e+04
4.392544055555555678e+04
4.276037388888888381e+04
4.253949666666666599e+04
4.272153833333333023e+04
4.289144388888889080e+04
4.222638499999999476e+04
4.203948888888888905e+04
4.187201055555555649e+04
4.174094055555555678e+04
4.128219555555555417e+04
4.117297055555555562e+04
4.110258111111111066e+04
4.064626333333333605e+04
4.034286055555555504e+04
3.967052000000000407e+04
3.916808500000000640e+04
3.910497722222222365e+04
3.891079944444444118e+04
3.865351388888889051e+04
3.825787666666667064e+04
3.831370277777778392e+04
3.797631888888889080e+04
3.804428111111110775e+04
3.720688944444444496e+04
3.714863611111111095e+04
3.612920277777777665e+04
3.636221611111110542e+04
3.571900222222221782e+04
3.549084333333333780e+04
3.506607944444444729e+04
3.494957277777777927e+04
3.520685833333332994e+04
3.512433277777777403e+04
3.516074111111111415e+04
3.403693722222222277e+04
3.403208277777777403e+04
3.356605611111110920e+04
3.304420333333333110e+04
3.285730722222222539e+04
3.249079666666666890e+04
3.216797611111111473e+04
3.167525000000000000e+04
3.149806277777777723e+04
3.082086777777777752e+04
3.062911722222222306e+04
3.076504166666666424e+04
3.069465222222222292e+04
3.030144222222222015e+04
3.023105277777777883e+04
3.068494333333333634e+04
3.076746888888889225e+04
3.043008499999999913e+04
3.002959333333333416e+04
3.006842888888889138e+04
3.005629277777778043e+04
2.969463666666666541e+04
2.957084833333333518e+04
2.887180833333333430e+04
2.920433777777777868e+04
2.917035666666666657e+04
2.875530166666666628e+04
2.881598222222222103e+04
2.844219000000000233e+04
2.840820888888889021e+04
2.871889333333333343e+04
2.903443222222222175e+04
2.924802777777777737e+04
2.946890499999999884e+04
2.904171388888888760e+04
2.889365333333333547e+04
2.877471944444444671e+04
2.897375166666666701e+04
2.855141499999999724e+04
2.889608055555555620e+04
2.857568722222222277e+04
2.869704833333333227e+04
2.874073833333333459e+04
2.866306722222222743e+04
2.909268555555555577e+04
2.887666277777777577e+04
2.877957388888888818e+04
2.912181222222222277e+04
2.924560055555555300e+04
2.897375166666666701e+04
2.859025055555555446e+04
2.895190666666666948e+04
2.940579722222222335e+04
2.946890499999999884e+04
2.918734722222222263e+04
2.918492000000000189e+04
2.894705222222222073e+04
2.900287833333333401e+04
2.915822055555555562e+04
2.887180833333333430e+04
2.951502222222222190e+04
2.952715833333333285e+04
2.883782722222222219e+04
2.885239055555555387e+04
2.891064388888888789e+04
2.933783499999999913e+04
2.926744555555555417e+04
2.969706388888889342e+04
2.923103722222222495e+04
2.915822055555555562e+04
2.915822055555555562e+04
2.932812611111110891e+04
2.920919222222222379e+04
2.926259111111111270e+04
2.924560055555555300e+04
2.973589944444443972e+04
2.968492777777777883e+04
2.941793333333333430e+04
2.951016777777778043e+04
2.925045500000000175e+04
2.946647777777777810e+04
2.964609222222222161e+04
2.914122999999999593e+04
2.943492388888888672e+04
2.926501833333333343e+04
2.947618666666666832e+04
2.913880277777777883e+04
2.836209166666666715e+04
2.790820111111111328e+04
2.781353944444444278e+04
2.780383055555555620e+04
2.756838999999999942e+04
2.729896833333333780e+04
2.714848055555555766e+04
2.727226888888888789e+04
2.767518777777777723e+04
2.711935388888888701e+04
2.689847666666666919e+04
2.627468055555555475e+04
2.593729666666666890e+04
2.589846111111111531e+04
2.518971222222222423e+04
2.540088055555555547e+04
2.533291833333333489e+04
2.508291444444444642e+04
2.517029444444444380e+04
2.507320555555555620e+04
2.501252500000000146e+04
2.481834722222222263e+04
2.447368166666666730e+04
2.389600277777777956e+04
2.386687611111111255e+04
2.369697055555555562e+04
2.395425611111110993e+04
2.320667166666666526e+04
2.268724611111111153e+04
2.261928388888888730e+04
2.237413444444444394e+04
2.184257277777777927e+04
2.167752166666666744e+04
2.163140444444444438e+04
2.113625111111110891e+04
2.098819055555555678e+04
2.085469333333333270e+04
2.014594444444444525e+04
2.001002000000000044e+04
1.991050388888888847e+04
1.943234111111111270e+04
1.982555111111111182e+04
1.972846222222222059e+04
1.975273444444444613e+04
1.919932777777778028e+04
1.891534277777777606e+04
1.913864722222222190e+04
1.867747499999999854e+04
1.883767166666666526e+04
1.854640499999999884e+04
1.843475277777777956e+04
1.836679055555555533e+04
1.808280555555555475e+04
1.776969388888889080e+04
1.775998500000000058e+04
1.772600388888888847e+04
1.768959555555555562e+04
1.766289611111110935e+04
1.779396611111111270e+04
1.787163722222221986e+04
1.784979222222222234e+04
1.781095666666666875e+04
1.757066166666666686e+04
1.720172388888888963e+04
1.741774666666666599e+04
1.773571277777777868e+04
1.779882055555555417e+04
1.782066555555555533e+04
1.781581111111111022e+04
1.801484333333333416e+04
1.794930833333333430e+04
1.809979611111111080e+04
1.857067722222222073e+04
1.879883611111111168e+04
1.889835222222222365e+04
1.902214055555555387e+04
1.920175499999999738e+04
1.935466999999999825e+04
1.963137333333333299e+04
1.985225055555555446e+04
2.038623944444444351e+04
2.054886333333333459e+04
2.118965000000000146e+04
2.103430777777777985e+04
2.152703388888888730e+04
2.167023999999999796e+04
2.206587722222222146e+04
2.200762388888888745e+04
2.245908722222222423e+04
2.333774166666666861e+04
2.358289111111110833e+04
2.388386666666666861e+04
2.407319000000000233e+04
2.507320555555555620e+04
2.477222999999999956e+04
2.523582944444444365e+04
2.551981444444444787e+04
2.640575055555555446e+04
2.674070722222222321e+04
2.691061277777778014e+04
2.691304000000000087e+04
2.756110833333332994e+04
2.822859444444444671e+04
2.831354722222222335e+04
2.879170999999999913e+04
2.932084444444444671e+04
2.950045888888889021e+04
2.998347611111110746e+04
3.059270888888889021e+04
3.107572611111111109e+04
3.127718555555555577e+04
3.166796833333333052e+04
3.155388888888888687e+04
3.183059222222222161e+04
3.192282666666666773e+04
3.167282277777777927e+04
3.163398722222222204e+04
3.252477777777778101e+04
3.219710277777777810e+04
3.260244888888888818e+04
3.287187055555555708e+04
3.307818444444444322e+04
3.280633555555555358e+04
3.304177611111111037e+04
3.357333777777777868e+04
3.391800333333333401e+04
3.391800333333333401e+04
3.400781055555555940e+04
3.357333777777777868e+04
3.368984444444444671e+04
3.343013166666666802e+04
3.318012777777777956e+04
3.283546222222222423e+04
3.238885333333333256e+04
3.344226777777777897e+04
3.321653611111111240e+04
3.286458888888888760e+04
3.268497444444444409e+04
3.247623333333333721e+04
3.304177611111111037e+04
3.228448277777777548e+04
3.258788555555555286e+04
3.255875888888888949e+04
3.212671333333333314e+04
3.200777944444444438e+04
3.321653611111111240e+04
3.119708722222222423e+04
3.086698500000000058e+04
3.067038000000000102e+04
3.104902666666666482e+04
3.071649722222222044e+04
3.072135166666666919e+04
3.024561611111111051e+04
2.962424722222222408e+04
2.948346833333333416e+04
2.878685555555555766e+04
2.841549055555555969e+04
2.802956222222222277e+04
2.692032166666666672e+04
2.686206833333333634e+04
2.709750888888889313e+04
2.685478666666666686e+04
2.626254444444444380e+04
2.564845722222222321e+04
2.520912999999999738e+04
2.475281222222222277e+04
2.422853222222222394e+04
2.376250555555555547e+04
2.350522000000000116e+04
2.301734833333333518e+04
2.278190777777777839e+04
2.209257666666666773e+04
2.227947277777777708e+04
2.207315888888889094e+04
2.199548777777778014e+04
2.163868611111111386e+04
2.079886722222222306e+04
2.079158555555555722e+04
2.021147944444444511e+04
1.988380444444444583e+04
1.958282888888888920e+04
1.889107055555555780e+04
1.880854499999999825e+04
1.852455999999999767e+04
1.849057888888888920e+04
1.810707777777777665e+04
1.808037833333333401e+04
1.795416277777777577e+04
1.741289222222222452e+04
1.761920611111111066e+04
1.739104722222222335e+04
1.732551222222221986e+04
1.700269166666666570e+04
1.685220388888888920e+04
1.676967833333333328e+04
1.644443055555555475e+04
1.592985944444444431e+04
1.619685388888888701e+04
1.586432444444444445e+04
1.568713722222221986e+04
1.568228277777777839e+04
1.558276666666666642e+04
1.547839611111111299e+04
1.559004833333333409e+04
1.530120888888888840e+04
1.527450944444444394e+04
1.559733000000000175e+04
1.526722777777777810e+04
1.528664555555555489e+04
1.522839222222222270e+04
1.522596500000000015e+04
1.521625611111111357e+04
1.532305388888888956e+04
1.574053611111110877e+04
1.541043388888888876e+04
1.550266833333333307e+04
1.577209000000000015e+04
1.574053611111111059e+04
1.608034722222222263e+04
1.585704277777777861e+04
1.618471777777777606e+04
1.608520166666666773e+04
1.630365166666666664e+04
1.660948166666666657e+04
1.652695611111111066e+04
1.672598833333333459e+04
1.667258944444444205e+04
1.691045722222222321e+04
1.734493000000000029e+04
1.760949722222222044e+04
1.817018555555555577e+04
1.855611388888888905e+04
1.858766777777777679e+04
1.910709333333333052e+04
1.929156222222222277e+04
1.965321833333333416e+04
1.964836388888888905e+04
2.031342277777777781e+04
2.043721111111111168e+04
2.067750611111111357e+04
2.115324166666666861e+04
2.097120000000000073e+04
2.146149888888889109e+04
2.162412277777777854e+04
2.223578277777777839e+04
2.243724222222222306e+04
2.314841833333333125e+04
2.351735611111111211e+04
2.362900833333333139e+04
2.406590833333333285e+04
2.451979888888888672e+04
2.459504277777778043e+04
2.491300888888888585e+04
2.520427555555555955e+04
2.504407888888888920e+04
2.560962166666666963e+04
2.644215888888888730e+04
2.677711555555555969e+04
2.713149000000000524e+04
2.707323666666666395e+04
2.821888555555555286e+04
2.884268166666666730e+04
2.939123388888889167e+04
3.018250833333333503e+04
3.019949888888889109e+04
3.059999055555555969e+04
3.054901888888888789e+04
3.016309055555555824e+04
2.996405833333333430e+04
2.955143055555555475e+04
2.890821666666666715e+04
2.825043944444444060e+04
2.760237111111111153e+04
2.761450722222222248e+04
2.774800444444444292e+04
2.826014833333333081e+04
2.952473111111111211e+04
3.052960111111110746e+04
3.234273611111110949e+04
3.400295611111111066e+04
3.657338444444444031e+04
3.854186166666666395e+04
4.156618055555555475e+04
4.404922888888888701e+04
4.693276888888888789e+04
5.025806333333333168e+04
5.266586777777777752e+04
5.448385722222222830e+04
5.614164999999999418e+04
5.844751111111111095e+04
5.971694833333333372e+04
6.219999666666666599e+04
6.327282888888888556e+04
6.346457944444444729e+04
6.613209666666666453e+04
6.523887888888888119e+04
6.441847777777777810e+04
6.327768333333333430e+04
6.249126333333333605e+04
6.061502055555555125e+04
5.821692500000000291e+04
5.711253888888888469e+04
5.551299944444444554e+04
5.261489611111111299e+04
5.087215055555555591e+04
4.798861055555555504e+04
4.456379999999999563e+04
4.083558666666666977e+04
3.866322277777777344e+04
3.680154333333333489e+04
3.522142166666666890e+04
3.273109166666666715e+04
3.133786611111111051e+04
2.998833055555555620e+04
2.793004611111111080e+04
2.644944055555555678e+04
2.549311499999999796e+04
2.443970055555555882e+04
2.428678555555555431e+04
2.370667944444444220e+04
2.311929166666666424e+04
2.308773777777778014e+04
2.286928777777777577e+04
2.270666388888888832e+04
2.328919722222222117e+04
2.344939388888888789e+04
2.395668333333333430e+04
2.447368166666666366e+04
2.549068777777777723e+04
2.588389777777777635e+04
2.682808722222222423e+04
2.797373611111111313e+04
2.866063999999999942e+04
2.864850388888888847e+04
2.919948333333333358e+04
2.973589944444444336e+04
3.032328722222222132e+04
3.102232722222222219e+04
3.133301166666666541e+04
3.155631611111111124e+04
3.222380222222222437e+04
3.268740166666666846e+04
3.364858166666666511e+04
3.465345166666666773e+04
3.493743666666666104e+04
3.581366388888888469e+04
3.631124444444444816e+04
3.628211777777777752e+04
3.643745999999999913e+04
3.676998944444444351e+04
3.731611444444444351e+04
3.806127166666666744e+04
3.776515055555555591e+04
3.847147222222221899e+04
3.897876166666667268e+04
3.943022499999999854e+04
4.062199111111111415e+04
4.068024444444444089e+04
4.201278944444444642e+04
4.212201444444444496e+04
4.228949277777777752e+04
4.245454388888888934e+04
4.280163666666666541e+04
4.304678611111111240e+04
4.508079833333333227e+04
4.531623888888888905e+04
4.675800888888888585e+04
4.754685611111111211e+04
4.812210777777778276e+04
4.732355166666666628e+04
4.833084888888889691e+04
4.743277666666666482e+04
4.717791833333333489e+04
4.788909444444444671e+04
4.817793388888888876e+04
4.886241055555555067e+04
4.993524277777777752e+04
4.961970388888888556e+04
4.963426722222221724e+04
4.934057333333333372e+04
4.984300833333333139e+04
5.043039611111111299e+04
5.050078555555555067e+04
4.944008944444444205e+04
4.996436944444444089e+04
4.998378722222222859e+04
5.091098611111111677e+04
5.134788611111110367e+04
5.075807111111110862e+04
4.998378722222222132e+04
5.027990833333333285e+04
4.961242222222221608e+04
4.990854333333333489e+04
4.961970388888889283e+04
4.931387388888889109e+04
4.843036499999999796e+04
4.752501111111111095e+04
4.714879166666667152e+04
4.639392555555555737e+04
4.497400055555555446e+04
4.335261611111111415e+04
4.261716777777778043e+04
4.230891055555555795e+04
4.302736833333333198e+04
4.318756500000000233e+04
4.211958722222222423e+04
4.132345833333332848e+04
4.136957555555555155e+04
4.163414277777777170e+04
4.224094833333333372e+04
4.255891444444444642e+04
4.299824166666666861e+04
4.290115277777778101e+04
4.192055500000000029e+04
4.143268333333333430e+04
4.196909944444444409e+04
4.149093666666666832e+04
4.080160555555555766e+04
4.057344666666666308e+04
4.005159388888889225e+04
3.987926111111111095e+04
4.045694000000000233e+04
4.039625944444444031e+04
4.014868277777777985e+04
3.962440277777778101e+04
3.973120055555555882e+04
3.907342333333333227e+04
3.992537833333333401e+04
3.918750277777777956e+04
4.020936333333333459e+04
4.010499277777777752e+04
4.032829722222222335e+04
4.059529166666667152e+04
4.003703055555555329e+04
3.982828944444444642e+04
3.958313999999999942e+04
4.000547666666666919e+04
3.981858055555555620e+04
4.011227444444444700e+04
3.973605500000000029e+04
3.994236888888888643e+04
3.983557111111110862e+04
4.000790388888888992e+04
4.021179055555555533e+04
3.951760499999999593e+04
3.952974111111111415e+04
3.983071666666666715e+04
3.921662944444444292e+04
3.855399777777777490e+04
3.898847055555555562e+04
3.885740055555555591e+04
3.879914722222222190e+04
3.865836833333333198e+04
3.921177500000000146e+04
3.917536666666666861e+04
3.912924944444444554e+04
3.868264055555555387e+04
3.871904888888888672e+04
3.938410777777778276e+04
3.943022499999999854e+04
3.913410388888888701e+04
3.889866333333333023e+04
3.868021333333333314e+04
3.831855722222222539e+04
3.870691277777777577e+04
3.800544555555555417e+04
3.806369888888888818e+04
3.738407666666666773e+04
3.748116555555555533e+04
3.734281388888888614e+04
3.715834500000000116e+04
3.668018222222222539e+04
3.685736944444444089e+04
3.680154333333333489e+04
3.600298722222221841e+04
3.546414388888888789e+04
3.640347888888888701e+04
3.606609500000000116e+04
3.623600055555555446e+04
3.565832166666667035e+04
3.540346333333333314e+04
3.459034388888889225e+04
3.389858555555556086e+04
3.318255500000000029e+04
3.268497444444444773e+04
3.235244499999999971e+04
3.205389666666666744e+04
3.136699277777777752e+04
3.062669000000000233e+04
3.075290555555555693e+04
3.003687500000000000e+04
2.941793333333333067e+04
2.877714666666666380e+04
2.811936944444444089e+04
2.715333499999999913e+04
2.635477888888888992e+04
2.579166333333333387e+04
2.525524722222222044e+04
2.451251722222222088e+04
2.373095166666666773e+04
2.340570388888888920e+04
2.306831999999999971e+04
2.251976777777777897e+04
2.199791500000000087e+04
2.133042888888889138e+04
2.048575555555555911e+04
1.990807666666666773e+04
1.955855666666666730e+04
1.863621222222222423e+04
1.848086999999999898e+04
1.816047666666666555e+04
1.794930833333333430e+04
1.747842722222222073e+04
1.716288833333333241e+04
1.651724722222222044e+04
1.593956833333333270e+04
1.575752666666666664e+04
1.543956055555555577e+04
1.506819555555555417e+04
1.475993833333333350e+04
1.442255444444444583e+04
1.439828222222222394e+04
1.424536722222222306e+04
1.370895111111110964e+04
1.350506444444444423e+04
1.344438388888888949e+04
1.330845944444444467e+04
1.300262944444444474e+04
1.286427777777777919e+04
1.279874277777777752e+04
1.245407722222222219e+04
1.238126055555555649e+04
1.230844388888888898e+04
1.191280666666666730e+04
1.179144555555555598e+04
1.175261000000000058e+04
1.161425833333333321e+04
1.128415611111111139e+04
1.107298777777777832e+04
1.108026944444444416e+04
1.096619000000000051e+04
1.075259444444444489e+04
1.065065111111111219e+04
1.064822388888888963e+04
1.051229944444444482e+04
1.052200833333333321e+04
1.039579277777777679e+04
1.027443166666666730e+04
1.000986444444444351e+04
1.002442777777777883e+04
9.990446666666666715e+03
1.008025388888888847e+04
9.861803888888889560e+03
9.966174444444444816e+03
9.963747222222222263e+03
9.995301111111111823e+03
9.961319999999999709e+03
9.820541111111111604e+03
9.500147777777778174e+03
9.640926666666666279e+03
9.570537222222223136e+03
9.424903888888889924e+03
9.553546666666667079e+03
9.643353888888888832e+03
9.500147777777778174e+03
9.252571111111112259e+03
9.349659999999999854e+03
9.437040000000000873e+03
9.308397222222221899e+03
9.264707222222223209e+03
9.393349999999998545e+03
9.189463333333333139e+03
9.048684444444443216e+03
9.160336666666666133e+03
8.844797777777777810e+03
8.983149444444443361e+03
8.910332777777777665e+03
8.830234444444444307e+03
8.886060555555555766e+03
8.786544444444443798e+03
8.769553888888889560e+03
8.774408333333332848e+03
8.587512222222223500e+03
8.752563333333333503e+03
8.687028333333333649e+03
8.521977222222221826e+03
8.480714444444445689e+03
8.546249444444445544e+03
8.524404444444444380e+03
8.449160555555554311e+03
8.441878888888888469e+03
8.480714444444445689e+03
8.405470555555555620e+03
8.378771111111111168e+03
8.364207777777777665e+03
8.420033888888889123e+03
8.483141666666666424e+03
8.427315555555556784e+03
8.480714444444445689e+03
8.410324999999998909e+03
8.298672777777777810e+03
8.475860000000000582e+03
8.534113333333334594e+03
8.449160555555554311e+03
8.546249444444443725e+03
8.650619999999998981e+03
8.512268333333333430e+03
8.640911111111110586e+03
8.648192777777778247e+03
8.818098333333333358e+03
8.747708888888888396e+03
8.660328888888889196e+03
8.888487777777778319e+03
8.832661666666666861e+03
9.060820555555554165e+03
8.745281666666665842e+03
8.934604999999999563e+03
8.910332777777777665e+03
9.097228888888888832e+03
9.094801666666666279e+03
9.170045555555554529e+03
9.230726111111111095e+03
9.247716666666667152e+03
9.449176111111111823e+03
9.403058888888888760e+03
9.507429444444444016e+03
9.373932222222221753e+03
9.454030555555555111e+03
9.653062777777777228e+03
9.708888888888888687e+03
9.699180000000000291e+03
9.599663888888888323e+03
9.755006111111111750e+03
9.941902222222222917e+03
9.869085555555555402e+03
9.854522222222221899e+03
9.878794444444443798e+03
1.005840888888888912e+04
9.905493888888888250e+03
9.871512777777777956e+03
9.873940000000000509e+03
1.009481722222222197e+04
9.946756666666666206e+03
9.980737777777776500e+03
9.971028888888888105e+03
1.026714999999999964e+04
1.013122555555555664e+04
1.004870000000000073e+04
1.007297222222222263e+04
9.946756666666666206e+03
1.013365277777777737e+04
1.008510833333333358e+04
1.025258666666666613e+04
1.009967166666666708e+04
1.019918777777777723e+04
1.012394388888888898e+04
1.026229555555555635e+04
9.980737777777778319e+03
1.013850722222222248e+04
1.018705166666666628e+04
9.937047777777777810e+03
1.021375111111111073e+04
1.005112722222222146e+04
1.027443166666666730e+04
1.019918777777777723e+04
1.028414055555555569e+04
1.032540333333333183e+04
1.023074166666666679e+04
1.019676055555555649e+04
1.034239388888888971e+04
1.034239388888888789e+04
1.021132388888888818e+04
1.043705555555555475e+04
1.047589111111111197e+04
1.021617833333333328e+04
1.025501388888888869e+04
1.022345999999999913e+04
1.023316888888888934e+04
1.033996666666666715e+04
1.032297611111111109e+04
1.024530500000000029e+04
1.034482111111111044e+04
1.045890055555555591e+04
1.040792888888888956e+04
1.043462833333333401e+04
1.040307444444444445e+04
1.033753944444444460e+04
1.033753944444444460e+04
1.038365666666666584e+04
1.031569444444444525e+04
1.034724833333333299e+04
1.038851111111111095e+04
1.031812166666666599e+04
1.044919166666666752e+04
1.041763777777777796e+04
1.028171333333333314e+04
1.039579277777777679e+04
1.061667000000000189e+04
1.038122944444444511e+04
1.036423888888888905e+04
1.024287777777777774e+04
1.023316888888888934e+04
1.017977000000000044e+04
1.024045055555555518e+04
1.040064722222222190e+04
1.023802333333333263e+04
1.025258666666666613e+04
1.029627666666666664e+04
1.026714999999999964e+04
1.022103277777777839e+04
1.019676055555555649e+04
1.007297222222222263e+04
1.003656388888888978e+04
1.008996277777777868e+04
9.907921111111110804e+03
9.929766111111111968e+03
9.988019444444444161e+03
9.951611111111111313e+03
1.015307055555555598e+04
9.992873888888889269e+03
9.805977777777778101e+03
9.873939999999998690e+03
9.721024999999999636e+03
9.801123333333332994e+03
9.687043888888889342e+03
9.810832222222221390e+03
9.825395555555554893e+03
9.793841666666667152e+03
9.665198888888888177e+03
9.670053333333333285e+03
9.633645000000000437e+03
9.888503333333332193e+03
9.524420000000000073e+03
9.594809444444445035e+03
9.570537222222221317e+03
9.526847222222222626e+03
9.410340555555556421e+03
9.332669444444443798e+03
9.497720555555555620e+03
9.342378333333334012e+03
9.531701666666667734e+03
9.352087222222222408e+03
9.386068333333332703e+03
9.386068333333332703e+03
9.386068333333332703e+03
